PCA method: svd

Standard deviation:
1.974607 1.260580 1.012476 0.883349 0.618767 0.443035 0.315520 0.166599 

Proportion of variance:
0.487384 0.198632 0.128138 0.097538 0.047859 0.024535 0.012444 0.003469 

Cumulative proportion:
0.487384 0.686016 0.814154 0.911693 0.959552 0.984087 0.996531 1.000000 

Kaiser criterion: 3.000000

95% threshold criterion: 4.000000

Eigenvalues:
  3.89907
  1.58906
  1.02511
 0.780306
 0.382873
  0.19628
0.0995528
0.0277553

Variable Loadings:
                                                 PC1         PC2         PC3         PC4         PC5         PC6         PC7        PC8
Temperatura_(C)                             0.462069    -0.22745  -0.0357714   -0.276454   0.0492458  -0.0780278   -0.243054   -0.767766
Temperatura_maxima_(C)                      0.448504    -0.23838  -0.0933472   -0.318748  0.00620374   -0.151172     -0.4687    0.623807
Temperatura_minima_(C)                      0.459544   -0.235081   0.0244572   -0.149545    0.065216   0.0350597    0.828411    0.137288
Humedad_relativa_(%)                        0.220293    0.601693   -0.132465 9.32172e-05    0.751275  -0.0840721 -0.00629679   0.0191928
Velocidad_del_Viento_(km/h)               -0.0519772   0.0206041    0.957634   -0.220904     0.16205  -0.0397861  -0.0491042   0.0275219
Nubosidad_total_(octavos)                   0.107751    0.629193  -0.0287224   -0.522654   -0.514819    0.223956    0.057309 -0.00594006
Precipitacion_(mm)                          0.418451   0.0458891     0.16134    0.477869  -0.0514908    0.731801   -0.170304   0.0348957
Frecuencia_dias_Precipitacion_>0.1_mm       0.369073    0.275191    0.167161    0.499285   -0.367315   -0.612773   0.0155886  -0.0131922


Squared correlations:
                                                   PC1            PC2            PC3           PC4            PC5            PC6            PC7            PC8
Temperatura_(C)                               0.832479      0.0822075     0.00131171     0.0596363    0.000928498     0.00119502      0.0058812      0.0163606
Temperatura_maxima_(C)                        0.784319      0.0902984     0.00893248      0.079279    1.47346e-05     0.00448559      0.0218698      0.0108007
Temperatura_minima_(C)                        0.823407      0.0878166    0.000613168     0.0174504     0.00162839    0.000241256      0.0683191     0.00052316
Humedad_relativa_(%)                          0.189218       0.575295      0.0179875    6.7952e-09       0.216098     0.00138733    3.94781e-06    1.02285e-05
Velocidad_del_Viento_(km/h)                  0.0105338    0.000674588       0.940088     0.0380778      0.0100543    0.000310695    0.000240047    2.10186e-05
Nubosidad_total_(octavos)                    0.0452697       0.629083    0.000845696      0.213153       0.101476     0.00984465    0.000326956    9.80077e-07
Precipitacion_(mm)                             0.68273     0.00334628       0.026684      0.178189     0.00101512       0.105114     0.00288741     3.3796e-05
Frecuencia_dias_Precipitacion_>0.1_mm          0.53111        0.12034      0.0286444      0.194518      0.0516572       0.073701    2.41886e-05    4.82975e-
